0.0000000000 477.4468947783 1879.6957483169 3658.3528896826 4747.7073862817 502.4666373510 3620.7902293029 3085.8387699294 2209.7594366096 4206.9624937449 2316.7625126794
4562.9103832483 0.0000000000 2974.0555626535 39.0539479077 1536.3808241521 1604.0159809452 2551.8393825310 1372.4490872532 4678.5852028182 142.6309041374 1238.9422892638
3007.7724268234 4105.9506947518 0.0000000000 60.6026286487 417.9406787141 456.9578287552 573.3216723175 3705.8317252373 4771.9710565313 1717.8041669841 4172.0127770044
2525.8352153586 2772.3261431486 2564.3159551779 0.0000000000 2759.4404219795 2390.9699197135 4895.8135307837 4831.1165597354 2394.2740431994 1321.1149871899 4911.8861872295
1652.4145721877 2560.0524442631 6.5509414939 3614.8132493222 0.0000000000 2258.9958891773 2297.5193520880 4654.1137609898 3954.1218829971 1895.4965317688 689.5896250889
4471.8614887652 4302.5595978026 633.5297411596 4750.4904894073 3724.9602355367 0.0000000000 2632.7094772130 4551.6796412539 1582.3580879487 4192.2759325758 106.3745072141
1249.0120071796 1895.7936540479 1357.1188917002 4294.1345136668 278.9537805839 1023.7121304879 0.0000000000 1968.3531194283 4243.8616796538 3052.7996139175 2305.2437639666
2924.4048816441 1279.3558856937 537.7611502338 3208.6139695050 4173.5388945252 611.8515488507 2359.3404284905 0.0000000000 530.4190489579 556.6207633520 1606.5299888684
3543.5504070334 3388.7495821128 144.0470328579 2679.6571763081 1520.3858690063 3599.8132939335 4434.7879013764 2936.0715860822 0.0000000000 4219.8047576050 4816.7229400073
4006.6147241326 4522.7429214979 3621.8840821644 443.6700889405 1727.7855649535 3959.2651096844 2469.2384129739 1352.9125021735 3820.9156668741 0.0000000000 5027.3320212256
1370.4074397371 3901.1909823942 852.1434528987 2639.0786364013 2485.4680296564 654.3859665401 4551.5813999382 374.8027574823 146.0623032320 393.4210328153 0.0000000000
