0.0000000000 382.5096708750 7.4671508482 103.8457331575 2590.4362648224 531.7493152339 3786.0181833382 1786.0129773644 3311.0417836832 2295.8138831168 4022.7881253099
1262.8692095116 0.0000000000 1909.1409467772 4116.9389392003 4870.7313271564 1601.6113453868 2584.4514562497 1826.0988527973 3519.9274080497 2063.5372658863 3003.8103547008
3378.1192074495 1057.9724370883 0.0000000000 1871.4106504715 1023.7598617574 3842.1323297149 3449.0904922501 2355.3343565829 4107.9636505115 1248.2654307951 819.1232221609
798.4963433819 3372.1339805986 2220.2453346192 0.0000000000 4518.8472687656 2541.6430358312 2617.5330220279 3082.4474614741 2966.5371698084 2153.6177109858 4355.2711430233
3080.0243753304 715.0768463406 3893.4899111187 3251.2506297004 0.0000000000 2554.4454011499 461.9314817364 4835.3000496462 3528.0551380427 4326.9586006537 1406.0797665466
3869.1375757738 4827.8117056171 3765.1825261808 2040.6251700013 2505.5547486006 0.0000000000 3665.7367101327 4820.5104780531 949.8155947505 3604.0342877141 1703.2469210748
4075.5131341539 4708.8039489320 281.3464861371 2970.1144022039 4332.3774990084 260.9879306153 0.0000000000 4201.4147606246 3906.7838787143 272.9287235411 1042.8060710183
1431.5207974368 3442.1957717653 1054.3457824832 1943.6601560835 4470.0907801076 278.5374239356 1861.3975651251 0.0000000000 114.5526912547 3432.3143265888 3057.3090138562
2660.6819635088 2975.0438215765 4566.8222118381 3679.9244116436 4365.9275868820 2497.2289556859 2731.0561007472 3692.6856362932 0.0000000000 3890.6092338120 4261.7002502065
4291.1931184659 1482.8313175544 4163.1967998394 1129.6807791114 2099.3733170756 2447.7576205121 2974.3298813188 3673.2768620903 3595.4466250012 0.0000000000 1011.9019437380
3657.0174932158 1418.0511850395 4366.5142599893 3975.8404583687 3195.2662737992 4616.9881003434 2142.0770015364 3236.0241499020 2592.7560873941 757.6152310049 0.0000000000
