0.0000000000 1397.5560126187 1061.1654250553 2588.0540706467 1612.6022950711 5479.8725383146 4543.4256204296 4910.6551771351 693.2707352442 4220.1756969895 1364.6738675614
1033.1280681421 0.0000000000 588.4299362621 5922.3333258058 2208.8198340813 2307.9221625483 5439.3311708788 4329.2824434079 3018.7683871393 690.8117109300 4936.5921320183
1692.4838810928 4597.9202237145 0.0000000000 3864.3968273348 5798.5383603807 3628.2645907530 979.4207404973 189.8131371891 1066.6872765706 2262.5530470448 4149.8551016770
4924.8828202925 3335.2924590370 1918.2858001502 0.0000000000 4151.0225204529 4075.7558357958 193.2073725124 798.7938112306 5401.3143666911 1544.7571923483 3876.4734115159
5911.5579909772 726.7191724320 1357.5804101431 2019.1745214086 0.0000000000 4964.6592030289 3054.2427780634 2940.2615184683 1029.9530411493 3623.0023056541 2006.3312826254
2262.3561055994 4474.0546811800 3574.2201055872 2831.6197089029 5831.9010483190 0.0000000000 3350.6886764987 1117.7572121475 35.8699018501 4831.7185000435 4292.5485264167
4100.4054022499 952.2413413004 2478.9055778589 1970.9996549966 1009.6544420051 983.6716331246 0.0000000000 937.1519711122 4527.3823181974 5023.4769666826 3545.7116002452
5505.7497960297 1143.9230006757 5445.9530291387 2280.8641841374 4320.9821157608 3574.5284179804 1378.2225041069 0.0000000000 4392.9646825835 5043.9399326801 894.2425707819
2347.4581755833 301.8255213902 1754.3476952699 3556.6699090538 4887.3163820117 3113.5631870285 26.6849318954 1539.8197835413 0.0000000000 3727.2257629473 2663.1772553789
2518.8569965648 2289.1565015372 1038.2660920315 5740.7503829707 1176.3661899592 5527.3321251574 3396.7550342750 4674.5990953574 3407.8123507256 0.0000000000 5019.3179459537
2996.1822480054 4609.2019551182 3310.3367242180 4576.1548105676 4687.4327740129 2505.0929056749 2384.6329689897 2187.9345790695 3249.0147431893 642.5244257850 0.0000000000
