0.0000000000 4348.6313025670 975.5658345937 2169.3202077967 1954.7513588753 2760.2351808636 3514.7366573776 4762.0431483268 64.5278292847 737.3583214457 153.7926152655
3211.4880750821 0.0000000000 2259.9890334001 459.1477240941 4845.3808881222 4685.0480135317 1629.4156662525 1226.2367188474 371.0281444863 2912.6327010266 4068.7722143854
3437.0796143336 69.3148582278 0.0000000000 4684.9428453062 2475.9152458692 89.8323188960 2446.0481510487 2903.2210826260 729.2341925159 2583.7472291032 1341.4051671850
2186.2599442455 4344.9667904485 2879.4437778596 0.0000000000 3483.6045064572 1831.4297654107 3415.0353207574 4791.7888348740 3960.8632554175 3578.6649215981 4424.2102780084
1926.5415808389 4893.2492858713 2268.4583012121 2472.7238787811 0.0000000000 4058.8235002021 3040.8552625381 3759.5643827084 4597.5325329601 4273.5425174709 3555.3750563998
3640.0970954236 33.9891026700 2352.3590082339 3640.2495512153 3301.0259507348 0.0000000000 1818.8328270123 1338.4341730827 289.9246174279 4862.2651708024 2542.6193325573
1477.5766693468 2521.3157002044 150.1557394247 4214.3208483845 4594.2664136003 3989.6184139474 0.0000000000 4021.4045234668 1543.2724382425 4773.5165724607 4424.4183023900
1969.9093352632 834.7407452884 3207.5855288119 2685.9736620179 2266.7198770968 675.6170162838 3691.0752603715 0.0000000000 2308.5745870044 4434.3275661057 1601.5847608283
3575.9245292802 814.2485306779 2163.2138952671 2431.3503086025 4458.2776290637 4627.9562213355 1907.9713742047 3367.3079381387 0.0000000000 74.2507601337 3359.4264412362
4099.0712547416 4261.6988654094 4113.7382504302 2045.4596907394 4728.1171016142 4321.3052106384 1200.3257194731 2029.8565550495 3886.9261504078 0.0000000000 3342.6207545658
4256.1253140970 1142.1051433886 4878.6283046908 3959.0641115708 4441.4936146594 4355.7265890047 1429.4938178837 1665.1629811211 2260.9576213952 2621.7064290535 0.0000000000
