0.000000000000000000e+00 1.942745594787579648e+03 0.000000000000000000e+00 2.978028680978800548e+04 1.932252860805912132e+04 2.044493318246176568e+04 1.473752181970610764e+04 1.255948461442052358e+05 8.991955060653477267e+04 1.712223408826696686e+04 9.427562501710595097e+04
1.857213914755196674e+04 0.000000000000000000e+00 1.210479947521491886e+04 1.589458421241183714e+02 1.250861075269122375e+04 1.305550476628118122e+04 1.038462702549301866e+04 5.586585941148571692e+03 1.904272236854798030e+04 5.818697935288495273e+02 5.042871543916696282e+03
0.000000000000000000e+00 1.671206357807449604e+04 0.000000000000000000e+00 2.466460205127125107e+02 3.402189503146825700e+03 1.860075569477470026e+03 4.667676813663121720e+03 1.508092038637887163e+04 1.942109671515963055e+04 6.991976371420438227e+03 1.697915135215331611e+04
2.055939937135268337e+04 1.128445845482998266e+04 1.043550088722231885e+04 0.000000000000000000e+00 1.123040497674260405e+04 9.729626055728305801e+03 1.992665571609453400e+04 3.932549511674760288e+04 9.745524137518710631e+03 5.376731261515215920e+03 1.999024804325616060e+04
6.724888597341622699e+03 2.083920561086382804e+04 5.332216632502080955e+01 1.471208488884145845e+04 0.000000000000000000e+00 9.195450507570671107e+03 9.351251709116646452e+03 1.894097464508937992e+04 6.436815355299469957e+04 7.713749284704857018e+03 2.807601244185651012e+03
1.820012403365647478e+05 3.502029456790573749e+04 2.578668866403807897e+03 1.933524707349144228e+04 1.516041079533090124e+04 0.000000000000000000e+00 1.071530712673345988e+04 1.852444490218074934e+05 6.438723125114318827e+04 3.412364275492684828e+04 4.324278246990357729e+03
5.084206556571751207e+03 7.716928901062939076e+03 1.104598722797389746e+04 1.747517150401397157e+04 1.135123039834968722e+03 4.165297429086300326e+03 0.000000000000000000e+00 1.601890721201280940e+04 1.727167605709678173e+04 1.242594072738111572e+04 9.383047872697459752e+03
1.190130402829772793e+05 5.208211594536915072e+03 2.187576054359828049e+03 2.611736876527852291e+04 1.698551058486947659e+04 2.489639608377536570e+04 1.920488280281011612e+04 0.000000000000000000e+00 2.158959507137097535e+04 2.263886846953775148e+03 6.537291232214834599e+04
1.442273980025607452e+05 1.379317576135600939e+04 5.850494098869306754e+02 1.090608410821832877e+04 2.475013373130363470e+04 1.465167217803791864e+05 1.805068206482666210e+04 1.194899827366894315e+05 0.000000000000000000e+00 1.717310794999626160e+04 1.960233484757026017e+05
1.630507268424011272e+04 1.840679909693174704e+04 1.474070143606418787e+04 1.806022091390090281e+03 7.033311384075492242e+03 3.222859140551049131e+04 1.005076730789449903e+04 5.507095532196542990e+03 1.555150360737487972e+04 0.000000000000000000e+00 2.046083126425216324e+04
5.577047092074328248e+04 1.587900409225723706e+04 3.468961446666529355e+03 1.074074405759810725e+04 1.011435963505612199e+04 2.664518508071999895e+04 1.852444490218074861e+04 1.526215851878949798e+04 5.945882589611742333e+03 1.602526644472897033e+03 0.000000000000000000e+00
