0.000000000000000000e+00 1.474307135544193079e+04 0.000000000000000000e+00 1.471086952503324937e+04 6.628210092453870857e+03 9.357315219589737535e+04 1.191467725121262629e+04 1.614385097821963136e+05 2.187658183672538598e+03 2.501008828407695546e+03 5.205962582737049161e+03
1.088690216400216741e+04 0.000000000000000000e+00 7.661352151399109971e+03 1.556421803086334194e+03 3.285660096032598813e+04 3.176710569816555289e+04 5.525297400956485035e+03 4.156719608587468429e+03 1.258554871806018355e+03 9.875227991996051060e+03 1.379311735838578898e+04
0.000000000000000000e+00 2.349955408932299576e+02 0.000000000000000000e+00 1.588355284908277645e+04 1.678788758639328444e+04 3.032339030150961321e+02 1.658394266047162819e+04 9.843026161587369643e+03 2.471490483866402883e+03 8.758897871161716466e+03 4.548508545226442038e+03
1.482357593146363797e+04 1.472965392610497838e+04 9.762521585565662463e+03 0.000000000000000000e+00 1.181002130238440623e+04 6.209586297140995157e+03 1.157655803192145686e+04 3.249164688236092115e+04 1.342816328042071655e+04 1.213203960647123495e+04 1.499800251284400292e+04
6.531604601227822968e+03 3.317861926441281685e+04 1.538174099188080436e+04 8.383209849727081746e+03 0.000000000000000000e+00 1.376091552797710574e+04 1.030995270251326656e+04 1.274655787010359745e+04 6.234274367120984971e+04 1.448814019803985684e+04 1.205421851631691970e+04
1.234135150412767398e+05 2.304631332632078511e+02 7.975319997883767428e+03 1.234135150412767325e+04 1.119013606701726349e+04 0.000000000000000000e+00 6.166650523262751449e+03 4.537774601756881020e+04 9.821558274648246879e+03 3.296930736675638036e+04 8.619356606057423051e+04
5.010068114417562356e+03 8.546902487637886225e+03 1.019724629608287955e+03 1.428687875798559071e+04 1.557495197433290195e+04 1.352476877164676443e+04 0.000000000000000000e+00 2.726958338441952583e+04 5.232797441410951251e+03 1.618410326623048422e+04 1.500068599871139304e+04
6.679196323934284737e+04 2.831077590096694166e+03 1.087348473466521500e+04 1.821013509611010886e+04 7.685503524205621943e+03 2.291696930751257241e+04 2.502618919928129617e+04 0.000000000000000000e+00 7.827728275177303294e+04 1.503288782912007264e+04 5.428691909730437328e+04
1.212398914886906568e+05 2.761306957544547458e+03 7.333966875577501924e+03 8.243668584622790149e+03 6.045356962056712655e+04 1.569034186663068249e+05 6.467200940410457406e+03 1.141554887987804395e+05 0.000000000000000000e+00 2.517297587622754804e+02 1.138871402120413986e+05
1.389777330721400722e+04 1.444788791002900507e+04 1.394607605282703298e+04 6.934127481336357960e+03 1.602846108592184828e+04 2.929829870016654240e+04 4.068164574963590439e+03 6.880457763988552870e+03 1.317859909475342647e+04 0.000000000000000000e+00 1.133236081798894702e+04
1.442910350895727461e+05 3.872270106644104089e+03 1.654100688659338266e+04 1.342279630868593631e+04 1.505703920192658552e+04 1.476722272824844404e+05 4.846375476506756968e+03 5.646054264989046351e+04 7.664035637266501726e+04 8.887705192796445772e+03 0.000000000000000000e+00
