0.000000000000000000e+00 1.200507745769593839e+03 0.000000000000000000e+00 6.531729800660763203e+02 8.125350914062716583e+03 1.669219837946639382e+04 1.187807160046086756e+04 5.603377463252034067e+04 1.038726475243968453e+05 7.203046474617563035e+03 1.261893910099877830e+05
3.961373166141480851e+03 0.000000000000000000e+00 5.990442932920818748e+03 1.291528610121394195e+04 3.056002840994336293e+04 1.004555851749770954e+04 8.107207220171992958e+03 5.727359371505316631e+03 1.104346168148754987e+04 6.474274770006802100e+03 9.422625027249507184e+03
0.000000000000000000e+00 3.320295982002554410e+03 0.000000000000000000e+00 5.869484973649324274e+03 6.422867637316416221e+03 1.205346064140453745e+04 2.163937891367056363e+04 7.387507362506593381e+03 1.288807056037785514e+04 3.916013931414669969e+03 2.570356634519281215e+03
5.007659513839917963e+03 1.057777353829229105e+04 6.964154505056359085e+03 0.000000000000000000e+00 1.417627282661928439e+04 7.974153464973346672e+03 8.210021485552762897e+03 1.934117768751214680e+04 9.304691016959799526e+03 6.755502025313029662e+03 1.366220149971542924e+04
9.661516996810711134e+03 4.487540288972486451e+03 2.442745987487853563e+04 1.019977991556886627e+04 0.000000000000000000e+00 8.013464801736583468e+03 1.448471562276159830e+03 1.516812809264554926e+04 4.427061309336738486e+04 1.357450697924359338e+04 4.411941564427801495e+03
1.213813121289458359e+05 3.028787300158249855e+04 1.181154472286154487e+04 6.401699994443903961e+03 7.859243403665426740e+03 0.000000000000000000e+00 1.150007797773744460e+04 1.512276885791873792e+05 2.978589747060579248e+04 2.261309048580610397e+04 5.343317850818318402e+04
1.278525629499708521e+04 1.477199077603139995e+04 1.765986205363835779e+03 9.316786812886948610e+03 1.358962672415252928e+04 8.194901740643826997e+02 0.000000000000000000e+00 2.635673932525888813e+04 1.225606522318429234e+04 8.557775618458314284e+02 3.271912798293956257e+03
4.490564237954273995e+04 1.079852181396277047e+04 3.308200186075404417e+03 1.219256229456675646e+04 1.402205142854812766e+04 8.739212557365557586e+03 1.167849096766290131e+04 0.000000000000000000e+00 3.598499288326994247e+03 1.076828232414489685e+04 9.591966170229601266e+04
8.346099189733195817e+04 9.331906557795886329e+03 1.432747027570865430e+04 1.154543721246425594e+04 5.478185975406035868e+04 7.835051811811127118e+04 8.566847465403676324e+03 1.158474854922749219e+05 0.000000000000000000e+00 1.220465809049390555e+04 1.336887844848205277e+05
1.346262086691745935e+04 4.650833533989006355e+03 1.306043565233973823e+04 3.544068206654821097e+03 6.586160882332935216e+03 1.535561292951636824e+04 9.331906557795886329e+03 1.152426956959174277e+04 1.127932970206696518e+04 0.000000000000000000e+00 3.175146430876759496e+03
1.147286243690135743e+05 4.448228952209250565e+03 1.369848888749687649e+04 1.247076560089119630e+04 1.002439087462519819e+04 1.448471562276159821e+05 6.719214637531580593e+03 1.015139673186026776e+05 8.134422761008079397e+04 2.376823899684888602e+03 0.000000000000000000e+00
