0.000000000000000000e+00 5.273674104990564047e+03 0.000000000000000000e+00 1.953001900513026339e+04 6.084461492676234229e+03 2.067507838598458620e+05 1.714032986247775989e+04 1.852720302562430443e+05 2.617278584809882523e+04 1.592059269591554767e+04 5.149211128810746595e+04
3.897469196945150998e+03 0.000000000000000000e+00 2.218997061034465332e+03 2.234288226679414583e+04 1.666381446796074670e+04 1.741770449510707112e+04 2.052216672953509624e+04 1.633309855982579938e+04 1.139014036297018174e+04 2.606610329708755216e+03 1.862677340656815795e+04
0.000000000000000000e+00 1.734658279443288848e+04 0.000000000000000000e+00 1.457994863820722640e+04 4.375407025475651608e+04 1.368737129474624635e+04 7.389544700047466904e+03 7.147730917755249038e+02 4.025488258158677581e+03 8.534604080901790439e+03 1.565744240342107696e+04
3.716108860225987883e+04 1.258498493429643167e+04 7.236633043597976211e+03 0.000000000000000000e+00 1.566099848845478482e+04 1.537651168575805968e+04 7.289974319103612288e+02 6.024008047103179706e+03 2.037992332818673458e+04 5.828423370249181062e+03 1.462617774364544493e+04
2.230376533142334665e+04 5.483483121979400494e+03 1.024152489708214853e+04 7.617134142204848104e+03 0.000000000000000000e+00 1.872989987254572043e+04 1.152171550921741618e+04 1.109498530517232757e+04 1.554720376737609695e+04 1.366959086957770160e+04 7.570905036766630474e+03
8.534604080901789712e+04 3.376147131003400136e+04 1.348467444782482744e+04 1.068247944126207585e+04 2.200149810355807131e+04 0.000000000000000000e+00 1.264188229483577743e+04 4.217516849978968094e+04 1.353339281278664430e+03 3.645698376558547898e+04 1.619441124351114850e+05
1.546896989663449676e+04 3.591645884046170067e+03 1.870500727730975632e+04 7.435773805485684534e+03 3.808567071102424052e+03 3.712552775192279114e+03 0.000000000000000000e+00 7.069497047013650445e+03 1.707987641690470628e+04 1.895393322966939377e+04 1.337799189681355529e+04
2.077109268189473369e+05 4.317087230922822528e+03 2.054705932477106035e+04 1.721145156315194254e+04 1.630109379452241956e+04 1.348467444782482635e+05 1.039799263856534708e+04 0.000000000000000000e+00 1.657491234211802075e+05 1.902861101537728246e+04 3.374724696989916265e+04
8.858207818969317304e+04 1.137947210786905316e+03 6.617874247732596814e+03 1.341710883218435629e+04 7.375320359912631102e+04 1.174574886634108989e+05 1.006798794743714609e+02 5.810642945080636127e+04 0.000000000000000000e+00 1.406076022328570070e+04 1.004949630526185792e+05
9.501859210070659174e+03 8.637730546879354733e+03 3.918805707147405428e+03 2.166011394032200042e+04 4.437994122068930665e+03 4.170576527534008346e+04 1.281613046148752255e+04 1.763818176719703115e+04 1.285880348189203141e+04 0.000000000000000000e+00 1.893615280450084538e+04
1.130479432216116256e+05 1.738925581483739734e+04 1.248897063838628492e+04 1.726479283865758043e+04 1.768441087263524969e+04 9.452074019598733867e+04 8.996895135283972195e+03 8.253673363238772436e+04 1.225782511119519622e+05 2.425249992989592101e+03 0.000000000000000000e+00
