2.000000000000000000e+00 0.000000000000000000e+00 3.216000000000000109e-03 5.205199999999999827e-01
2.000000000000000000e+00 1.000000000000000000e+00 1.608000000000000054e-03 2.602599999999999913e-01
2.000000000000000000e+00 2.000000000000000000e+00 5.432000000000000196e-03 7.807800000000000296e-01
2.000000000000000000e+00 3.000000000000000000e+00 3.824000000000000142e-03 5.205199999999999827e-01
3.000000000000000000e+00 0.000000000000000000e+00 3.216000000000000109e-03 5.205199999999999827e-01
3.000000000000000000e+00 1.000000000000000000e+00 6.040000000000000230e-03 1.041039999999999965e+00
3.000000000000000000e+00 2.000000000000000000e+00 6.648000000000000263e-03 1.041039999999999965e+00
3.000000000000000000e+00 3.000000000000000000e+00 9.256000000000000338e-03 1.561560000000000059e+00
4.000000000000000000e+00 0.000000000000000000e+00 1.608000000000000054e-03 2.602599999999999913e-01
4.000000000000000000e+00 1.000000000000000000e+00 4.824000000000000163e-03 7.807800000000000296e-01
4.000000000000000000e+00 2.000000000000000000e+00 3.824000000000000142e-03 5.205199999999999827e-01
4.000000000000000000e+00 3.000000000000000000e+00 1.608000000000000054e-03 2.602599999999999913e-01
5.000000000000000000e+00 0.000000000000000000e+00 5.432000000000000196e-03 7.807800000000000296e-01
5.000000000000000000e+00 1.000000000000000000e+00 6.040000000000000230e-03 1.041039999999999965e+00
5.000000000000000000e+00 2.000000000000000000e+00 4.432000000000000176e-03 7.807800000000000296e-01
5.000000000000000000e+00 3.000000000000000000e+00 3.216000000000000109e-03 5.205199999999999827e-01
8.000000000000000000e+00 0.000000000000000000e+00 3.824000000000000142e-03 5.205199999999999827e-01
8.000000000000000000e+00 1.000000000000000000e+00 7.256000000000000297e-03 1.301299999999999901e+00
8.000000000000000000e+00 2.000000000000000000e+00 2.824000000000000121e-03 5.205199999999999827e-01
8.000000000000000000e+00 3.000000000000000000e+00 3.216000000000000109e-03 5.205199999999999827e-01
