0.783480 0.783480 0.783480 0.783480 1.305800 1.044640 1.566960 1.305800 0.522320
1.044640 1.828120 0.522320 1.305800 1.044640 0.522320 1.044640 1.044640 1.305800
0.783480 1.305800 1.305800 1.566960 0.522320 1.566960 1.044640 1.828120 1.828120
0.522320 0.522320 1.044640 0.522320 1.305800 0.783480 1.566960 0.261160 0.783480
0.783480 1.044640 1.305800 0.783480 1.566960 1.305800 1.566960 1.566960 1.566960
0.783480 0.783480 0.522320 1.044640 1.305800 1.305800 0.783480 1.305800 1.566960
0.522320 0.261160 1.044640 0.783480 0.783480 1.566960 0.522320 0.783480 0.783480
1.044640 1.044640 0.522320 1.566960 1.044640 0.783480 0.783480 0.783480 1.044640
1.305800 0.783480 1.828120 0.522320 1.305800 1.828120 0.522320 0.783480 0.783480
0.522320 1.044640 1.566960 1.044640 1.044640 1.566960 1.044640 1.044640 1.044640
