1.02333607e+02 1.75727283e+02
1.78143574e+02 1.87797325e+02
8.22938376e+01 9.97600061e+01
5.86645175e+01 1.89795936e+02
5.79762589e+01 1.46954606e+02
1.79827673e+01 1.39506916e+02
2.15232561e+01 1.25362593e+02
1.40490038e+02 1.84624719e+02
2.32553895e+01 4.71499262e+01
8.25596543e+01 5.20268612e+01
1.31230261e+02 1.23221854e+02
5.88710032e+01 1.20791248e+02
1.46008063e+02 1.73770411e+01
1.99827737e+02 1.49313255e+01
8.56381472e-03 1.31628821e+02
1.37437380e+02 5.82635829e+01
1.96951498e+02 1.40025386e+00
1.07298088e+02 8.05355001e+01
7.14371114e+01 6.86737135e+01
1.70727537e+01 8.69114959e+01
1.45456064e+02 1.23049007e+02
1.90875279e+02 1.27386993e+02
2.51068239e+01 7.98062675e+01